a)
1462895.0
0.0 
0.0 
-148.976097107 -198.634796143 
-1801.72111213 -2352.63611714 -2496.23620521 
-3028.62727429 -3437.59599501 -3509.92665353 -3526.01697811 
-3711.35303297 -3938.92828586 -3972.35043859 -3979.69049867 -3981.46961051 
-4052.36928879 -4166.04137406 -4181.18224661 -4184.49703721 -4185.30020011 -4185.499448 
-4213.67674495 -4267.445897 -4274.20619853 -4275.6827692 -4276.0403603 -4276.12906036 -4276.15119214 
-4287.43290184 -4312.01828748 -4314.98978017 -4315.63713861 -4315.79382241 -4315.8326821 -4315.84237774 -4315.84480044 
-4320.28233732 -4331.23214915 -4332.51307326 -4332.79122077 -4332.85849168 -4332.87517269 -4332.87933447 -4332.88037438 -4332.88063433 
-4334.54703875 -4339.30193923 -4339.83992523 -4339.95622447 -4339.98432252 -4339.99128814 -4339.9930259 -4339.99346011 -4339.99356865 -4339.99359579 
-4340.5628638 -4342.56813882 -4342.78588546 -4342.83264673 -4342.84392682 -4342.84672213 -4342.84741943 -4342.84759366 -4342.84763721 -4342.8476481 -4342.84765082 
-4343.00337223 -4343.81687504 -4343.90012412 -4343.91781045 -4343.922066 -4343.9231199 -4343.92338275 -4343.92344843 -4343.92346484 -4343.92346895 -4343.92346997 -4343.92347023 
-4343.93763759 -4344.24905937 -4344.27787166 -4344.28386766 -4344.28530317 -4344.28565824 -4344.28574678 -4344.28576889 -4344.28577442 -4344.28577581 -4344.28577615 -4344.28577624 -4344.28577626 
-4344.26120395 -4344.3690594 -4344.3770594 -4344.37863381 -4344.37900544 -4344.37909704 -4344.37911985 -4344.37912555 -4344.37912698 -4344.37912733 -4344.37912742 -4344.37912745 -4344.37912745 -4344.37912745 

b)
0.384615384615
0.0 
0.0 
0.0829875518672 0.110650069156 
0.268989040429 0.330989536617 0.345678834448 
0.536549577934 0.625736423769 0.645386216246 0.650143476275 
0.802479013889 0.891122159207 0.908814541569 0.912995943558 0.914026737548 
1.01029635662 1.0795688042 1.09213191387 1.09504171343 1.09575561841 1.0959332615 
1.15284745649 1.20036448978 1.20841753548 1.210263339 1.21071518851 1.21082756346 1.21085562068 
1.2436007797 1.27385188744 1.27875104728 1.27986745223 1.28014040954 1.28020827388 1.28022521667 1.28022945091 
1.29873619712 1.31711466959 1.31999885507 1.32065358218 1.32081352779 1.32085328645 1.32086321198 1.32086569247 1.32086631254 
1.33118581534 1.34200235474 1.34366153375 1.34403713183 1.34412883202 1.34415162313 1.34415731259 1.34415873443 1.34415908986 1.34415917872 
1.34985190679 1.35607393727 1.35701204278 1.35722395562 1.35727566865 1.35728851991 1.35729172794 1.35729252965 1.35729273006 1.35729278016 1.35729279269 
1.3604056374 1.3639235476 1.36444685496 1.36456486785 1.36459365574 1.3646008092 1.36460259486 1.36460304111 1.36460315266 1.36460318055 1.36460318752 1.36460318926 
1.3662928513 1.36825525593 1.36854403648 1.36860907111 1.36862493073 1.36862887137 1.36862985503 1.36863010084 1.36863016229 1.36863017766 1.3686301815 1.36863018246 1.3686301827 
1.36954163348 1.37062456088 1.37078251454 1.37081804594 1.37082670859 1.37082886086 1.3708293981 1.37082953236 1.37082956592 1.37082957431 1.37082957641 1.37082957693 1.37082957706 1.37082957709 

c)
1.94829669726
0.0 
0.0 
-0.315566166614 -0.420754888819 
-0.130813200172 -0.0692288780244 -0.0457938106382 
-0.0812574284903 -0.0647388379297 -0.0644395019234 -0.0647354652772 
-0.0588476920289 -0.0513777798751 -0.0504870426715 -0.0502655750643 -0.0502088303968 
-0.0437333107082 -0.0386951836013 -0.0378496771831 -0.0376490840801 -0.0375996076448 -0.0375872819139 
-0.033153948793 -0.0296274948212 -0.0290229822359 -0.0288828759669 -0.0288484986802 -0.0288399443215 -0.0288378082195 
-0.0261242671306 -0.0237810399098 -0.0233912762491 -0.0233018840906 -0.0232799978479 -0.0232745545431 -0.0232731954735 -0.0232728558158 
-0.0216875830376 -0.0202086883399 -0.0199705315686 -0.019916234034 -0.0199029569749 -0.0198996558597 -0.0198988317086 -0.0198986257412 -0.0198985742538 
-0.018996068162 -0.0180988965368 -0.0179582437499 -0.0179263026735 -0.0179184990211 -0.0179165591795 -0.0179160749068 -0.0179159538815 -0.0179159236279 -0.0179159160646 
-0.0174107523445 -0.0168823137386 -0.0168012082188 -0.0167828425754 -0.0167783584182 -0.0167772439112 -0.0167769656901 -0.0167768961602 -0.0167768787793 -0.0167768744342 -0.0167768733479 
-0.0164975837388 -0.0161931942036 -0.0161472529013 -0.0161368726581 -0.0161343394428 -0.0161337099032 -0.0161335527521 -0.0161335134788 -0.0161335036615 -0.0161335012072 -0.0161335005936 -0.0161335004402 
-0.0159805626543 -0.0158082222929 -0.0157825574988 -0.0157767686829 -0.0157753565104 -0.0157750055985 -0.0157749180028 -0.0157748961121 -0.01577489064 -0.015774889272 -0.01577488893 -0.0157748888445 -0.0157748888231 
-0.0156917885439 -0.0155955305071 -0.0155813510547 -0.0155781573016 -0.0155773784335 -0.0155771849065 -0.0155771365987 -0.0155771245263 -0.0155771215085 -0.0155771207541 -0.0155771205655 -0.0155771205183 -0.0155771205065 -0.0155771205036 


